name: base
channels:
  - peterjc123
  - conda-forge
  - defaults
dependencies:
  - astunparse=1.6.3=py_0
  - blas=1.0=mkl
  - brotlipy=0.7.0=py39h2bbff1b_1003
  - bzip2=1.0.8=he774522_0
  - ca-certificates=2021.10.8=h5b45459_0
  - certifi=2021.10.8=py39hcbf5309_1
  - cffi=1.15.0=py39h2bbff1b_1
  - charset-normalizer=2.0.4=pyhd3eb1b0_0
  - cmake=3.22.3=h39d44d4_0
  - conda=4.12.0=py39hcbf5309_0
  - conda-content-trust=0.1.1=pyhd3eb1b0_0
  - conda-package-handling=1.7.3=py39h8cc25b3_1
  - console_shortcut=0.1.1=4
  - cryptography=36.0.0=py39h21b164f_0
  - dataclasses=0.8=pyh6d0b6a4_7
  - future=0.18.2=py39haa95532_1
  - idna=3.3=pyhd3eb1b0_0
  - intel-openmp=2021.4.0=haa95532_3556
  - libuv=1.39.0=he774522_0
  - lz4-c=1.9.3=h2bbff1b_1
  - menuinst=1.4.18=py39h59b6b97_0
  - mkl=2021.4.0=haa95532_640
  - mkl-include=2022.0.0=haa95532_115
  - mkl-service=2.4.0=py39h2bbff1b_0
  - mkl_fft=1.3.1=py39h277e83a_0
  - mkl_random=1.2.2=py39hf11a4ad_0
  - ninja=1.10.2=py39h559b2a2_3
  - numpy=1.21.5=py39ha4e8547_0
  - numpy-base=1.21.5=py39hc2deb75_0
  - onednn=2.5.3=omp_h04ad39e_0
  - openssl=1.1.1n=h8ffe710_0
  - powershell_shortcut=0.0.1=3
  - pycosat=0.6.3=py39h2bbff1b_0
  - pycparser=2.21=pyhd3eb1b0_0
  - pyopenssl=21.0.0=pyhd3eb1b0_1
  - pysocks=1.7.1=py39haa95532_0
  - python=3.9.7=h6244533_1
  - python_abi=3.9=2_cp39
  - pywin32=302=py39h827c3e9_1
  - pyyaml=6.0=py39h2bbff1b_1
  - requests=2.27.1=pyhd3eb1b0_0
  - ruamel_yaml=0.15.100=py39h2bbff1b_0
  - setuptools=58.0.4=py39haa95532_0
  - six=1.16.0=pyhd3eb1b0_1
  - sqlite=3.37.0=h2bbff1b_0
  - tqdm=4.62.3=pyhd3eb1b0_1
  - typing_extensions=4.1.1=pyh06a4308_0
  - tzdata=2021e=hda174b7_0
  - urllib3=1.26.7=pyhd3eb1b0_0
  - vc=14.2=h21ff451_1
  - vs2015_runtime=14.27.29016=h5e58377_2
  - vs2017_runtime=15.4.27004.2010=1
  - wheel=0.37.1=pyhd3eb1b0_0
  - win_inet_pton=1.1.0=py39haa95532_0
  - wincertstore=0.2=py39haa95532_2
  - xz=5.2.5=h62dcd97_0
  - yaml=0.2.5=he774522_0
  - zlib=1.2.11=hbd8134f_5
  - zstd=1.5.0=h19a0ad4_1
  - pip:
    - click==8.1.2
    - colorama==0.4.4
    - docker-pycreds==0.4.0
    - et-xmlfile==1.1.0
    - gitdb==4.0.9
    - gitpython==3.1.27
    - openai==0.16.0
    - openpyxl==3.0.9
    - pandas==1.4.2
    - pandas-stubs==1.2.0.56
    - pathtools==0.1.2
    - pip==22.0.4
    - promise==2.3
    - protobuf==3.20.0
    - psutil==5.9.0
    - python-dateutil==2.8.2
    - pytz==2022.1
    - sentry-sdk==1.5.8
    - setproctitle==1.2.2
    - shortuuid==1.0.8
    - smmap==5.0.0
    - termcolor==1.1.0
    - wandb==0.12.11
    - yaspin==2.1.0
prefix: C:\Users\ycech\miniconda3
